[PID 18 VPN 262]
0
0
0
0
0
0
0
0
[/PID 18 VPN 262]
[PID 13 VPN 2607]
0
0
0
0
0
0
0
0
[/PID 13 VPN 2607]
[PID 4 VPN 55]
0
0
0
0
0
0
0
0
[/PID 4 VPN 55]
[PID 13 VPN 140]
0
0
0
0
0
0
0
0
[/PID 13 VPN 140]
[PID 18 VPN 2277]
0
0
0
0
0
0
0
0
[/PID 18 VPN 2277]
[PID 13 VPN 2715]
0
0
0
0
0
0
0
0
[/PID 13 VPN 2715]
[PID 6 VPN 19]
0
0
0
0
0
0
0
0
[/PID 6 VPN 19]
[PID 7 VPN 2288]
0
0
0
0
0
0
0
0
[/PID 7 VPN 2288]
[PID 6 VPN 1877]
0
0
0
0
0
0
0
0
[/PID 6 VPN 1877]
[PID 19 VPN 10]
0
0
0
0
0
0
0
0
[/PID 19 VPN 10]
[PID 19 VPN 1239]
0
0
0
0
0
0
0
0
[/PID 19 VPN 1239]
[PID 2 VPN 3755]
0
0
0
0
0
0
0
0
[/PID 2 VPN 3755]
[PID 17 VPN 1024]
0
0
0
0
0
0
0
0
[/PID 17 VPN 1024]
[PID 2 VPN 888]
0
0
0
0
0
0
0
0
[/PID 2 VPN 888]
[PID 17 VPN 1]
0
0
0
0
0
0
0
0
[/PID 17 VPN 1]
[PID 19 VPN 86]
0
0
0
0
53
84
0
0
[/PID 19 VPN 86]
[PID 0 VPN 1396]
0
0
0
0
0
0
0
0
[/PID 0 VPN 1396]
[PID 1 VPN 1097]
0
0
0
0
0
0
0
0
[/PID 1 VPN 1097]
[PID 18 VPN 3035]
0
0
0
0
0
0
0
0
[/PID 18 VPN 3035]
[PID 11 VPN 20]
0
0
0
0
0
0
0
0
[/PID 11 VPN 20]
[PID 8 VPN 23]
0
0
0
0
0
0
0
0
[/PID 8 VPN 23]
[PID 9 VPN 692]
0
0
0
0
0
0
0
0
[/PID 9 VPN 692]
[PID 5 VPN 453]
0
0
0
0
0
0
0
0
[/PID 5 VPN 453]
[PID 1 VPN 15]
0
0
0
0
0
0
0
0
[/PID 1 VPN 15]
[PID 0 VPN 19]
0
0
0
0
0
0
0
0
[/PID 0 VPN 19]
[PID 2 VPN 38]
0
0
0
0
0
0
0
0
[/PID 2 VPN 38]
[PID 18 VPN 718]
0
0
0
0
0
0
0
0
[/PID 18 VPN 718]
[PID 12 VPN 27]
0
0
0
0
0
0
0
0
[/PID 12 VPN 27]
[PID 5 VPN 212]
0
0
0
0
0
0
0
0
[/PID 5 VPN 212]
[PID 7 VPN 1867]
0
0
0
0
0
0
0
0
[/PID 7 VPN 1867]
[PID 11 VPN 580]
0
0
0
0
0
0
0
0
[/PID 11 VPN 580]
[PID 0 VPN 2076]
0
0
0
0
0
0
0
0
[/PID 0 VPN 2076]
[PID 9 VPN 160]
0
0
0
0
0
0
0
0
[/PID 9 VPN 160]
[PID 17 VPN 153]
0
0
0
0
0
0
0
0
[/PID 17 VPN 153]
[PID 8 VPN 2872]
0
0
0
0
0
0
0
0
[/PID 8 VPN 2872]
[PID 18 VPN 923]
0
0
0
0
0
0
0
0
[/PID 18 VPN 923]
[PID 19 VPN 1755]
0
0
0
0
0
0
0
0
[/PID 19 VPN 1755]
[PID 1 VPN 0]
0
0
0
0
0
0
0
0
0
0
0
0
0
0
0
0
0
0
0
0
0
0
0
0
0
0
0
0
0
0
0
0
[/PID 1 VPN 0]
[PID 4 VPN 0]
0
0
0
0
0
0
0
0
0
0
0
0
0
0
0
0
0
0
0
0
0
0
0
0
0
0
0
0
0
0
0
0
0
0
0
0
0
0
0
0
0
0
0
0
0
0
0
0
0
0
0
0
0
0
0
0
0
0
0
0
0
0
0
0
0
159
0
0
0
0
0
0
0
0
0
0
0
0
0
0
0
0
0
0
0
0
0
0
0
0
0
0
0
0
0
0
0
0
0
0
0
0
0
0
0
0
0
0
0
0
0
0
0
0
0
0
0
0
0
0
0
0
0
0
0
0
0
0
0
0
0
0
0
0
0
0
0
0
0
0
0
0
0
0
0
0
0
0
0
0
0
0
0
0
0
0
0
0
0
0
197
2
0
0
0
0
0
0
0
0
0
0
0
0
0
0
0
0
0
0
0
0
0
0
0
160
0
0
0
0
0
0
0
0
0
0
0
0
0
0
0
0
0
0
0
0
0
0
0
0
0
0
0
0
0
0
0
0
0
0
0
0
0
0
0
0
0
0
0
0
0
0
0
0
0
0
0
0
0
0
0
0
0
0
0
0
0
0
0
0
0
0
0
0
0
0
[/PID 4 VPN 0]
[PID 8 VPN 0]
0
0
0
0
0
0
0
0
0
0
0
0
0
0
0
0
0
0
0
0
0
0
0
0
0
0
0
0
0
0
0
0
0
0
0
0
0
0
0
0
0
0
0
0
0
0
0
0
0
0
0
0
0
0
0
0
0
0
0
0
0
0
0
0
0
0
0
0
0
0
0
0
0
0
0
0
0
0
0
0
0
0
0
0
0
0
0
0
0
0
0
0
0
0
0
0
0
0
0
0
0
0
0
0
0
0
0
0
0
0
0
0
0
0
0
0
0
0
0
0
0
0
0
0
0
0
0
0
0
0
0
0
0
0
0
0
0
0
0
0
0
0
0
0
0
0
0
0
0
0
0
0
0
0
0
0
0
0
0
0
0
0
0
0
0
0
0
0
0
0
0
0
0
0
0
0
0
0
0
0
0
0
0
0
0
0
0
0
0
0
0
0
0
0
0
0
0
0
0
0
0
0
0
0
0
0
0
0
0
0
0
0
0
0
0
0
0
0
0
0
0
0
0
0
0
0
0
0
0
0
0
0
0
0
0
0
0
0
0
0
0
0
20
0
0
0
0
0
0
0
0
0
0
0
0
0
[/PID 8 VPN 0]
[PID 5 VPN 0]
0
0
0
0
0
0
0
0
192
3
0
0
0
0
0
0
0
0
0
0
0
0
101
4
0
0
0
0
0
0
0
0
0
0
0
0
0
0
0
0
0
23
1
0
0
0
0
0
0
0
0
0
0
0
0
0
0
0
0
0
0
0
0
0
0
159
0
0
0
0
0
0
0
0
0
0
0
0
0
0
0
0
0
0
0
0
0
0
0
0
0
0
0
0
0
0
0
0
0
0
0
0
0
0
0
0
0
0
0
0
0
0
0
0
0
0
0
0
0
0
0
0
0
0
0
0
0
0
0
0
0
0
0
0
0
0
0
0
0
0
0
0
0
0
0
0
0
0
165
0
0
0
0
0
0
0
0
0
0
0
0
0
0
0
0
0
0
0
0
0
0
0
0
0
0
0
0
0
0
0
0
0
0
0
0
0
0
0
0
0
0
101
4
0
0
0
0
0
0
0
0
0
0
0
0
0
0
0
0
0
0
0
0
0
0
0
0
0
0
0
0
0
0
0
0
0
0
0
0
0
0
0
0
0
0
0
0
0
0
0
0
0
0
0
0
0
0
0
0
0
0
0
0
0
0
0
[/PID 5 VPN 0]
[PID 0 VPN 0
[PID 4 VPN 2]
0
0
0
0
0
0
0
0
0
0
0
0
0
0
0
0
0
0
0
0
0
0
0
0
0
0
0
0
0
0
108
0
0
0
0
0
0
0
0
0
0
0
0
0
0
0
0
0
0
0
0
0
0
0
0
0
0
0
0
0
0
0
0
0
0
0
0
0
0
0
0
0
0
0
0
0
0
0
0
0
0
0
0
0
0
0
0
0
0
0
0
0
0
0
0
0
0
0
0
0
0
0
0
0
0
0
0
0
0
0
0
0
0
0
0
0
0
0
0
0
0
0
0
0
0
0
0
0
0
0
0
0
0
0
0
0
0
0
0
0
0
0
0
0
0
0
0
0
0
0
0
0
0
0
0
0
0
0
0
0
0
0
0
156
2
0
0
0
0
0
0
0
0
0
0
0
0
0
0
0
0
0
0
156
2
0
0
0
0
0
0
0
0
0
0
0
0
0
0
0
0
0
0
0
0
0
0
0
0
0
0
0
0
0
0
0
0
0
0
0
0
0
0
0
0
0
0
0
0
0
0
0
0
0
0
0
0
0
226
0
0
0
0
0
0
0
0
0
0
0
0
0
0
0
0
0
[/PID 4 VPN 2]
[PID 9 VPN 3]
0
0
0
0
0
0
0
0
0
0
0
0
0
0
0
0
0
0
0
0
0
0
0
0
0
0
0
0
0
0
0
0
0
0
0
0
0
0
0
0
0
0
0
0
0
0
0
0
0
0
0
0
0
0
0
0
0
0
0
0
0
0
0
0
0
0
0
[PID 5 VPN 2604]
0
0
0
0
0
0
0
0
[/PID 5 VPN 2604]
[PID 4 VPN 1028]
0
0
0
0
0
0
0
0
[/PID 4 VPN 1028]
[PID 3 VPN 3431]
0
0
0
0
0
0
0
0
[/PID 3 VPN 3431]
[PID 0 VPN 31]
0
0
0
0
0
0
0
0
[/PID 0 VPN 31]
[PID 5 VPN 1167]
0
0
0
0
0
0
0
0
[/PID 5 VPN 1167]
[PID 0 VPN 3623]
0
0
0
0
0
0
0
0
[/PID 0 VPN 3623]
[PID 3 VPN 2032]
0
0
0
0
0
0
0
0
[/PID 3 VPN 2032]
[PID 4 VPN 1728]
0
0
0
0
0
0
0
0
[/PID 4 VPN 1728]
[PID 4 VPN 40]
0
0
0
0
0
0
0
0
[/PID 4 VPN 40]
[PID 5 VPN 265]
0
0
0
0
0
0
0
0
[/PID 5 VPN 265]
[PID 5 VPN 735]
0
0
0
0
0
0
0
0
[/PID 5 VPN 735]
[PID 2 VPN 0]
0
0
0
0
0
0
0
0
[/PID 2 VPN 0]
[PID 0 VPN 1736]
0
0
0
0
0
0
0
0
[/PID 0 VPN 1736]
[PID 2 VPN 2576]
0
0
0
0
0
0
0
0
[/PID 2 VPN 2576]
[PID 5 VPN 3258]
0
0
0
0
0
0
0
0
[/PID 5 VPN 3258]
[PID 0 VPN 1480]
0
0
0
0
0
0
0
0
[/PID 0 VPN 1480]
[PID 1 VPN 3810]
0
0
0
0
0
0
0
0
[/PID 1 VPN 3810]
[PID 1 VPN 2122]
0
0
0
0
0
0
0
0
[/PID 1 VPN 2122]
[PID 4 VPN 92]
0
0
0
0
0
0
0
0
[/PID 4 VPN 92]
[PID 2 VPN 3532]
0
0
0
0
0
0
0
0
[/PID 2 VPN 3532]
[PID 2 VPN 10]
0
0
0
0
0
0
0
0
[/PID 2 VPN 10]
[PID 3 VPN 1473]
0
0
0
0
0
0
0
0
[/PID 3 VPN 1473]
[PID 3 VPN 84]
0
0
0
0
0
0
0
0
[/PID 3 VPN 84]
[PID 5 VPN 1]
0
0
0
0
0
0
0
0
[/PID 5 VPN 1]
[PID 5 VPN 33]
0
0
0
0
0
0
0
0
[/PID 5 VPN 33]
[PID 0 VPN 1775]
0
0
0
0
0
0
0
0
[/PID 0 VPN 1775]
[PID 3 VPN 11]
0
0
0
0
0
0
0
0
[/PID 3 VPN 11]
[PID 5 VPN 41]
0
0
0
0
0
0
0
0
[/PID 5 VPN 41]
[PID 5 VPN 1357]
0
0
0
0
0
0
0
0
[/PID 5 VPN 1357]
[PID 4 VPN 1078]
0
0
0
0
0
0
0
0
[/PID 4 VPN 1078]
[PID 4 VPN 988]
0
0
0
0
0
0
0
0
[/PID 4 VPN 988]

[PID 0 VPN 13]
0
0
0
0
0
0
0
0
[/PID 0 VPN 13]
[PID 1 VPN 29]
0
0
0
0
0
0
0
0
[/PID 1 VPN 29]
[PID 4 VPN 1299]
0
0
0
0
0
0
0
0
[/PID 4 VPN 1299]
[PID 1 VPN 372]
0
0
0
0
0
0
0
0
[/PID 1 VPN 372]

[PID 3 VPN 456]
0
0
0
0
0
0
0
0
[/PID 3 VPN 456]
[PID 0 VPN 6]
0
0
0
0
0
0
0
0
[/PID 0 VPN 6]
[PID 5 VPN 7]
0
0
0
0
0
0
0
0
[/PID 5 VPN 7]
[PID 1 VPN 25]
0
0
0
0
0
0
0
0
[/PID 1 VPN 25]
[PID 1 VPN 3429]
0
0
0
0
0
0
0
0
[/PID 1 VPN 3429]
[PID 4 VPN 59]
0
0
0
0
0
0
0
0
[/PID 4 VPN 59]
9]
[PID 4 VPN 3]
0
0
0
0
0
0
0
0
0
0
0
0
0
0
0
0
0
0
0
0
0
0
0
0
0
0
0
0
0
0
0
0
0
0
0
0
0
0
0
0
0
0
0
0
0
0
0
0
0
0
0
0
0
0
0
0
0
0
0
0
0
0
0
0
0
0
0
0
0
0
0
0
0
0
0
0
0
0
0
0
0
0
0
0
0
0
0
0
0
0
0
0
0
0
0
0
0
0
0
0
0
0
0
0
0
0
0
0
0
0
0
0
0
0
0
0
0
0
0
0
0
0
0
0
0
0
0
0
0
0
0
0
0
0
0
0
0
0
0
0
0
0
0
0
0
0
0
0
0
0
0
0
0
0
0
0
0
0
0
0
0
0
0
0
0
0
0
0
0
0
0
0
0
0
0
0
0
0
0
0
0
0
0
0
0
0
0
0
0
0
0
101
4
0
0
0
0
0
0
0
0
0
0
0
0
0
0
0
0
0
0
0
0
0
0
0
0
0
0
0
0
0
0
0
0
0
0
0
0
0
0
0
0
0
0
0
0
0
0
0
0
0
0
0
0
0
0
0
0
0
0
0
0
0
0
0
[/PID 4 VPN 3]
[PID 2 VPN 2722]
0
0
0
0
0
0
0
0
[/PID 2 VPN 2722]
[PID 5 VPN 2128]
0
0
0
0
0
0
0
0
[/PID 5 VPN 2128]
[PID 1 VPN 727]
0
0
0
0
0
0
0
0
[/PID 1 VPN 727]
[PID 3 VPN 1283]
0
0
0
0
0
0
0
0
[/PID 3 VPN 1283]
[PID 3 VPN 1956]
0
0
0
0
0
0
0
0
[/PID 3 VPN 1956]
[PID 1 VPN 994]
0
0
0
0
0
0
0
0
[/PID 1 VPN 994]
[PID 5 VPN 67]
0
0
0
0
0
0
0
0
[/PID 5 VPN 67]
[PID 4 VPN 549]
0
0
0
0
0
0
0
0
[/PID 4 VPN 549]
[PID 3 VPN 36]
0
0
0
0
0
0
0
0
[/PID 3 VPN 36]
[PID 1 VPN 35]
0
0
0
0
0
0
0
0
[/PID 1 VPN 35]
[PID 3 VPN 18]
0
0
0
0
0
0
0
0
[/PID 3 VPN 18]
[PID 4 VPN 27]
0
0
0
0
0
0
0
0
[/PID 4 VPN 27]
[PID 0 VPN 3]
0
0
0
0
0
0
0
0
[/PID 0 VPN 3]
[PID 0 VPN 51]
0
0
0
0
0
0
0
0
[/PID 0 VPN 51]
[PID 1 VPN 27]
0
0
0
0
0
0
0
0
[/PID 1 VPN 27]
[PID 0 VPN 4]
0
0
0
0
0
0
0
0
[/PID 0 VPN 4]
[PID 3 VPN 4013]
0
0
0
0
0
0
0
0
[/PID 3 VPN 4013]
[PID 3 VPN 3418]
0
0
0
0
0
0
0
0
[/PID 3 VPN 3418]
[PID 2 VPN 47]
0
0
0
0
0
0
0
0
[/PID 2 VPN 47]
8]
[PID 4 VPN 182]
0
0
0
0
0
0
0
0
[/PID 4 VPN 182]
[PID 0 VPN 0]
0
0
0
0
0
0
0
0
0
0
0
0
0
0
0
0
0
0
0
0
0
0
0
0
0
0
0
0
0
0
0
0
0
0
0
0
0
0
0
0
0
0
0
0
0
0
0
0
0
0
0
0
0
0
0
0
0
0
0
0
0
0
0
0
0
0
0
0
0
0
0
0
0
0
0
0
0
0
0
0
0
0
0
0
0
0
0
0
0
0
0
0
0
0
0
0
0
0
0
0
0
0
0
0
0
0
0
0
0
0
0
0
0
0
0
0
0
0
0
0
0
0
0
0
0
0
0
236
1
0
0
0
0
0
0
0
0
0
0
0
0
0
0
0
0
0
0
0
0
0
0
0
0
0
0
0
0
0
0
0
0
0
0
0
0
0
0
0
0
0
0
0
0
0
0
0
0
0
0
0
0
0
0
0
0
0
0
0
0
0
0
0
0
0
0
0
0
0
0
0
0
0
0
0
0
0
0
0
0
0
0
0
0
0
0
0
0
0
0
0
0
0
0
0
0
0
0
0
0
0
0
0
0
0
0
0
0
0
0
0
0
0
0
0
0
106
1
0
0
0
0
0
0
0
0
0
[/PID 0 VPN 0]
[PID 3 VPN 24]
0
0
0
0
0
0
0
0
[/PID 3 VPN 24]
[PID 4 VPN 1063]
0
0
0
0
0
0
0
0
[/PID 4 VPN 1063]
[PID 3 VPN 57]
0
0
0
0
0
0
0
0
[/PID 3 VPN 57]
[PID 1 VPN 4078]
0
0
0
0
0
0
0
0
[/PID 1 VPN 4078]
[PID 4 VPN 7]
0
0
0
0
0
0
0
0
[/PID 4 VPN 7]
[PID 5 VPN 146]
0
0
0
0
0
0
0
0
[/PID 5 VPN 146]
[PID 0 VPN 2056]
0
0
0
0
0
0
0
0
[/PID 0 VPN 2056]
[PID 0 VPN 2437]
0
0
0
0
0
0
0
0
[/PID 0 VPN 2437]
[PID 5 VPN 1211]
0
0
0
0
0
0
0
0
[/PID 5 VPN 1211]
[PID 4 VPN 1208]
0
0
0
0
0
0
0
0
[/PID 4 VPN 1208]
[PID 5 VPN 4077]
0
0
0
0
0
0
0
0
[/PID 5 VPN 4077]
[PID 4 VPN 29]
0
0
0
0
0
0
0
0
[/PID 4 VPN 29]
[PID 3 VPN 74]
0
0
0
0
0
0
0
0
[/PID 3 VPN 74]
[PID 3 VPN 3446]
0
0
0
0
0
0
0
0
[/PID 3 VPN 3446]
[PID 1 VPN 13]
0
0
0
0
0
0
0
0
[/PID 1 VPN 13]
[PID 0 VPN 32]
0
0
0
0
0
0
0
0
[/PID 0 VPN 32]
[PID 4 VPN 22]
0
0
0
0
0
0
0
0
[/PID 4 VPN 22]
[PID 5 VPN 19]
0
0
0
0
0
0
0
0
[/PID 5 VPN 19]
[PID 5 VPN 3047]
0
0
0
0
0
0
0
0
[/PID 5 VPN 3047]
[PID 3 VPN 99]
0
0
0
0
0
0
0
0
[/PID 3 VPN 99]
[PID 5 VPN 14]
0
0
0
0
0
0
0
0
[/PID 5 VPN 14]
[PID 1 VPN 23]
0
0
0
0
0
0
0
0
[/PID 1 VPN 23]
[PID 3 VPN 3967]
0
0
0
0
0
0
0
0
[/PID 3 VPN 3967]
[PID 3 VPN 66]
0
0
0
0
0
0
0
0
[/PID 3 VPN 66]
[PID 5 VPN 22]
0
0
0
0
0
0
0
0
[/PID 5 VPN 22]
[PID 0 VPN 5]
0
0
0
0
0
0
0
0
[/PID 0 VPN 5]
[PID 1 VPN 37]
0
0
0
0
0
0
0
0
[/PID 1 VPN 37]
[PID 2 VPN 638]
0
0
0
0
0
0
0
0
[/PID 2 VPN 638]
[PID 1 VPN 3180]
0
0
0
0
0
0
0
0
[/PID 1 VPN 3180]
[PID 3 VPN 3443]
0
0
0
0
0
0
0
0
[/PID 3 VPN 3443]
[PID 2 VPN 22]
0
0
0
0
0
0
0
0
[/PID 2 VPN 22]
[PID 3 VPN 3167]
0
0
0
0
0
0
0
0
[/PID 3 VPN 3167]
[PID 3 VPN 0]
0
0
0
0
0
0
0
0
0
0
0
0
0
0
0
0
0
0
0
0
0
0
101
4
0
0
0
0
0
0
0
0
0
0
0
0
0
0
0
0
0
23
1
0
0
0
0
0
0
0
0
0
0
0
0
0
0
0
0
0
0
0
0
0
0
159
0
0
0
0
0
0
0
0
0
0
0
0
0
0
0
0
0
0
0
0
0
0
0
0
0
0
0
0
0
0
0
0
0
0
0
0
0
0
0
0
0
0
0
0
0
0
0
0
0
0
0
0
0
0
0
0
0
0
0
0
0
0
0
0
0
0
0
0
0
0
0
0
0
0
0
0
0
0
0
0
0
0
0
0
0
0
0
0
0
0
0
0
0
0
0
0
0
0
0
0
0
0
0
0
0
0
0
0
0
0
0
0
0
0
0
0
0
0
0
0
0
0
0
0
0
101
4
0
0
0
0
0
0
0
0
0
0
0
0
0
0
0
0
0
0
0
0
0
0
0
0
0
0
0
0
0
0
0
0
0
0
0
0
0
0
0
0
0
0
0
0
0
0
0
0
0
0
0
0
0
0
0
0
0
0
0
0
0
0
0
[/PID 3 VPN 0]
[PID 2 VPN 32]
0
0
0
0
0
0
0
0
[/PID 2 VPN 32]
[PID 3 VPN 4]
0
0
0
0
0
0
0
0
[/PID 3 VPN 4]
[PID 2 VPN 1426]
0
0
0
0
0
0
0
0
[/PID 2 VPN 1426]
[PID 0 VPN 3299]
0
0
0
0
0
0
0
0
[/PID 0 VPN 3299]
[PID 1 VPN 1429]
0
0
0
0
0
0
0
0
[/PID 1 VPN 1429]
[PID 1 VPN 2504]
0
0
0
0
0
0
0
0
[/PID 1 VPN 2504]
[PID 2 VPN 3614]
0
0
0
0
0
0
0
0
[/PID 2 VPN 3614]
[PID 3 VPN 38]
0
0
0
0
0
0
0
0
[/PID 3 VPN 38]
[PID 1 VPN 16]
0
0
0
0
0
0
0
0
[/PID 1 VPN 16]
[PID 4 VPN 2025]
0
0
0
0
0
0
0
0
[/PID 4 VPN 2025]
[PID 0 VPN 1814]
0
0
0
0
0
0
0
0
[/PID 0 VPN 1814]
[PID 3 VPN 622]
0
0
0
0
0
0
0
0
[/PID 3 VPN 622]
[PID 1 VPN 2677]
0
0
0
0
0
0
0
0
[/PID 1 VPN 2677]
[PID 3 VPN 1596]
0
0
0
0
0
0
0
0
[/PID 3 VPN 1596]
[PID 2 VPN 3048]
0
0
0
0
0
0
0
0
[/PID 2 VPN 3048]
[PID 4 VPN 1993]
0
0
0
0
0
0
0
0
[/PID 4 VPN 1993]
[PID 4 VPN 1773]
0
0
0
0
0
0
0
0
[/PID 4 VPN 1773]
[PID 2 VPN 3637]
0
0
0
0
0
0
0
0
[/PID 2 VPN 3637]
[PID 1 VPN 8]
0
0
0
0
0
0
0
0
[/PID 1 VPN 8]
5]
[PID 1 VPN 2446]
0
0
0
0
0
0
0
0
[/PID 1 VPN 2446]
[PID 1 VPN 10]
0
0
0
0
0
0
0
0
[/PID 1 VPN 10]
[PID 1 VPN 2015]
0
0
0
0
0
0
0
0
[/PID 1 VPN 2015]
[PID 0 VPN 2334]
0
0
0
0
0
0
0
0
[/PID 0 VPN 2334]
[PID 0 VPN 57]
0
0
0
0
0
0
0
0
[/PID 0 VPN 57]
[PID 1 VPN 2347]
0
0
0
0
0
0
0
0
[/PID 1 VPN 2347]
[PID 1 VPN 64]
0
0
0
0
0
0
0
0
[/PID 1 VPN 64]
[PID 3 VPN 5]
0
0
0
0
0
0
0
0
[/PID 3 VPN 5]
[PID 0 VPN 14]
0
0
0
0
0
0
0
0
[/PID 0 VPN 14]
1]
[PID 1 VPN 2]
0
0
0
0
0
0
0
0
[/PID 1 VPN 2]
[PID 1 VPN 72]
0
0
0
0
0
0
0
0
[/PID 1 VPN 72]
[PID 0 VPN 3339]
0
0
0
0
0
0
0
0
[/PID 0 VPN 3339]
[PID 4 VPN 53]
0
0
0
0
0
0
0
0
[/PID 4 VPN 53]
[PID 0 VPN 2522]
0
0
0
0
0
0
0
0
[/PID 0 VPN 2522]
[PID 0 VPN 56]
0
0
0
0
0
0
0
0
[/PID 0 VPN 56]
[PID 3 VPN 9]
0
0
0
0
0
0
0
0
[/PID 3 VPN 9]
[PID 4 VPN 45]
0
0
0
0
0
0
0
0
[/PID 4 VPN 45]
[PID 4 VPN 43]
0
0
0
0
0
0
0
0
[/PID 4 VPN 43]
[PID 4 VPN 54]
0
0
0
0
0
0
0
0
[/PID 4 VPN 54]
[PID 1 VPN 1893]
0
0
0
0
0
0
0
0
[/PID 1 VPN 1893]
[PID 1 VPN 30]
0
0
0
0
0
0
0
0
[/PID 1 VPN 30]
[PID 2 VPN 80]
0
0
0
0
0
0
0
0
[/PID 2 VPN 80]
[PID 0 VPN 12]
0
0
0
0
0
0
0
0
[/PID 0 VPN 12]
[PID 0 VPN 30]
0
0
0
0
0
0
0
0
[/PID 0 VPN 30]
[PID 2 VPN 3700]
0
0
0
0
0
0
0
0
[/PID 2 VPN 3700]
[PID 0 VPN 23]
0
0
0
0
0
0
0
0
[/PID 0 VPN 23]
[PID 2 VPN 18]
0
0
0
0
0
0
0
0
[/PID 2 VPN 18]
0]
[PID 0 VPN 11]
0
0
0
0
0
0
0
0
[/PID 0 VPN 11]
[PID 2 VPN 74]
0
0
0
0
0
0
0
0
[/PID 2 VPN 74]
[PID 1 VPN 46]
0
0
0
0
0
0
0
0
[/PID 1 VPN 46]
[PID 1 VPN 3931]
0
0
0
0
0
0
0
0
[/PID 1 VPN 3931]
[PID 4 VPN 31]
0
0
0
0
0
0
0
0
[/PID 4 VPN 31]
[PID 3 VPN 20]
0
0
0
0
0
0
0
0
[/PID 3 VPN 20]
[PID 4 VPN 838]
0
0
0
0
0
0
0
0
[/PID 4 VPN 838]
[PID 4 VPN 3915]
0
0
0
0
0
0
0
0
[/PID 4 VPN 3915]
[PID 0 VPN 49]
0
0
0
0
0
0
0
0
[/PID 0 VPN 49]
[PID 3 VPN 32]
0
0
0
0
0
0
0
0
[/PID 3 VPN 32]
[PID 2 VPN 19]
0
0
0
0
0
0
0
0
[/PID 2 VPN 19]
[PID 3 VPN 3692]
0
0
0
0
0
0
0
0
[/PID 3 VPN 3692]
[PID 4 VPN 3467]
0
0
0
0
0
0
0
0
[/PID 4 VPN 3467]
[PID 0 VPN 78]
0
0
0
0
0
0
0
0
[/PID 0 VPN 78]
[PID 2 VPN 320]
0
0
0
0
0
0
0
0
[/PID 2 VPN 320]
[PID 3 VPN 3516]
0
0
0
0
0
0
0
0
[/PID 3 VPN 3516]
[PID 1 VPN 593]
0
0
0
0
0
0
0
0
[/PID 1 VPN 593]
[PID 2 VPN 9]
0
0
0
0
0
0
0
0
[/PID 2 VPN 9]
[PID 3 VPN 2965]
0
0
0
0
0
0
0
0
[/PID 3 VPN 2965]
[PID 1 VPN 1309]
0
0
0
0
0
0
0
0
[/PID 1 VPN 1309]
[PID 4 VPN 8]
0
0
0
0
0
0
0
0
[/PID 4 VPN 8]
[PID 0 VPN 8]
0
0
0
0
0
0
0
0
[/PID 0 VPN 8]
[PID 4 VPN 36]
0
0
0
0
0
0
0
0
[/PID 4 VPN 36]
[PID 4 VPN 882]
0
0
0
0
0
0
0
0
[/PID 4 VPN 882]
[PID 0 VPN 61]
0
0
0
0
0
0
0
0
[/PID 0 VPN 61]
[PID 1 VPN 38]
0
0
0
0
0
0
0
0
[/PID 1 VPN 38]
[PID 2 VPN 3795]
0
0
0
0
0
0
0
0
[/PID 2 VPN 3795]
[PID 2 VPN 75]
0
0
0
0
0
0
0
0
[/PID 2 VPN 75]
[PID 2 VPN 2593]
0
0
0
0
0
0
0
0
[/PID 2 VPN 2593]
[PID 1 VPN 2485]
0
0
0
0
0
0
0
0
[/PID 1 VPN 2485]
[PID 3 VPN 1]
186
1
0
0
0
0
0
0
0
0
0
0
0
0
0
0
0
0
0
0
0
0
0
0
0
0
0
0
0
0
0
0
0
0
0
0
0
0
0
0
0
0
0
0
0
0
0
0
0
0
0
0
0
0
0
0
0
0
0
0
0
0
0
0
0
0
0
0
0
0
0
0
0
0
0
0
0
0
0
0
0
0
0
0
0
0
0
0
0
0
0
0
0
0
0
0
0
0
0
0
0
0
0
0
0
0
0
0
0
0
0
0
0
0
0
0
0
0
0
0
0
0
0
0
0
0
0
0
0
0
0
0
0
0
0
0
0
0
0
0
0
0
0
0
0
0
0
0
0
0
0
0
0
0
0
0
0
0
0
0
0
0
0
0
0
0
0
0
0
0
0
0
0
0
0
0
0
0
0
0
0
0
0
0
0
78
0
0
0
0
0
0
0
0
0
0
0
0
0
0
0
0
0
0
0
0
0
0
0
0
0
0
0
0
0
0
0
0
0
0
0
0
0
0
0
0
0
0
0
0
0
0
0
0
0
0
0
0
226
0
0
0
0
0
0
0
0
0
0
0
0
0
0
0
0
0
[/PID 3 VPN 1]
[PID 3 VPN 290]
0
0
0
0
0
0
0
0
[/PID 3 VPN 290]
[PID 5 VPN 3]
0
0
0
0
0
0
0
0
0
0
0
0
0
0
0
0
0
0
0
0
0
0
0
0
0
0
0
0
0
0
0
0
0
0
0
0
0
0
0
0
0
0
0
0
0
0
0
0
0
0
0
0
0
0
0
0
0
0
0
0
0
0
0
0
0
0
0
0
0
0
0
0
0
0
0
0
0
0
0
0
0
0
0
0
0
0
0
0
0
0
0
20
0
0
0
0
0
0
0
0
0
0
0
0
0
0
0
0
0
0
0
0
0
0
0
0
0
0
0
0
0
0
0
0
0
0
0
0
0
0
0
0
0
0
0
0
0
0
0
0
0
0
0
0
0
0
0
0
0
0
0
0
0
0
0
0
0
0
0
0
0
0
0
0
0
0
0
0
0
0
0
0
0
0
0
0
0
0
0
0
0
0
0
0
0
0
0
0
0
0
0
0
0
0
0
0
0
0
0
0
0
0
0
0
0
0
0
0
0
0
0
0
0
0
0
0
0
0
0
0
0
0
0
0
0
0
0
0
0
0
0
0
0
0
0
0
0
0
0
0
0
0
0
0
0
0
0
0
0
0
0
0
0
0
0
0
[/PID 5 VPN 3]
[PID 3 VPN 3]
0
0
0
0
0
0
0
0
0
0
0
0
0
0
0
0
0
0
0
0
0
0
0
0
0
0
0
0
0
0
0
0
0
0
0
0
0
0
0
0
0
0
0
0
0
0
0
0
0
0
0
0
0
0
0
0
0
0
0
0
0
0
0
0
0
0
0
0
0
0
0
0
0
0
0
0
0
0
0
0
0
0
0
0
0
0
0
0
0
0
0
0
0
0
0
0
0
0
0
0
0
0
0
0
0
0
0
0
0
0
0
0
0
0
0
0
0
0
0
0
0
0
0
0
0
0
0
0
0
0
0
0
0
0
0
0
0
0
0
0
0
0
0
0
0
0
0
0
0
0
0
0
0
0
0
0
0
0
0
0
0
0
0
0
0
0
0
0
0
0
0
0
0
0
0
0
0
0
0
0
0
0
0
0
0
0
0
0
0
0
0
0
0
0
0
0
0
0
0
0
0
0
0
0
0
0
0
0
0
0
0
0
0
0
0
0
0
0
0
0
0
0
0
0
0
0
0
0
0
0
0
0
0
0
0
0
0
0
0
0
0
0
0
0
0
0
0
0
0
0
0
0
0
0
0
0
[/PID 3 VPN 3]
[PID 2 VPN 3]
0
0
0
0
0
0
161
4
0
0
0
0
0
0
0
0
0
0
0
0
0
0
0
0
0
0
0
0
0
0
0
0
0
0
0
0
0
0
0
0
0
0
0
0
0
0
0
0
0
0
0
0
0
0
0
0
0
0
0
0
0
0
0
0
0
0
0
0
0
0
0
0
0
0
0
0
0
0
0
0
0
0
0
0
0
0
0
0
0
0
0
0
0
0
0
0
0
0
0
0
0
0
0
0
89
0
0
0
0
0
0
0
112
1
0
0
0
0
0
0
0
0
0
0
0
0
0
0
195
2
0
0
0
0
0
0
0
0
0
0
0
0
0
0
0
0
0
0
0
0
0
0
0
0
0
0
0
0
0
0
0
0
0
0
0
0
0
0
0
0
0
0
0
0
0
0
0
0
0
0
0
0
0
0
0
0
0
0
0
0
0
0
0
0
0
0
0
0
0
0
0
0
0
0
0
0
0
0
0
0
0
0
0
0
0
0
0
0
0
0
0
0
0
0
0
0
0
0
0
0
0
0
0
0
0
0
0
0
0
0
0
0
0
0
0
0
0
0
0
0
0
0
0
0
0
0
[/PID 2 VPN 3]
[PID 3 VPN 2]
0
0
0
0
0
0
0
0
0
0
0
0
0
0
0
0
0
0
0
0
0
0
0
0
0
0
0
0
0
0
0
0
0
0
0
0
0
0
0
0
0
0
0
0
0
0
0
0
0
0
0
0
0
0
0
0
0
0
0
0
0
0
0
0
0
0
0
0
0
0
0
0
0
0
0
0
0
0
0
0
0
0
0
0
0
0
0
0
0
0
0
0
0
0
0
0
0
0
0
0
0
0
0
0
0
0
0
0
0
0
0
0
0
0
0
0
0
0
0
0
0
0
0
0
0
0
0
0
0
0
0
0
0
0
0
0
0
0
0
0
0
0
0
0
0
0
0
0
0
0
0
0
0
0
0
0
0
0
0
0
0
0
0
0
0
0
0
0
168
2
0
0
0
0
0
0
0
0
0
0
0
0
0
0
0
0
0
0
0
0
0
0
0
0
0
0
117
5
0
0
0
0
0
0
0
0
0
0
0
0
0
0
0
0
0
0
0
0
0
0
0
0
0
0
0
0
0
0
0
0
0
0
0
0
0
0
0
0
0
0
0
0
0
0
0
0
0
0
0
0
0
0
0
0
0
0
[/PID 3 VPN 2]
[PID 10 VPN 0]
0
0
0
0
0
0
0
0
0
0
0
0
0
0
0
0
0
0
0
0
0
0
0
0
0
0
0
0
0
0
0
0
0
0
0
0
0
0
0
0
0
0
0
0
0
0
0
0
0
0
0
0
0
0
0
0
0
0
0
0
0
0
0
0
0
0
0
0
0
0
0
0
0
0
0
0
0
0
0
0
0
0
0
0
0
0
0
0
0
0
0
0
0
0
0
0
0
0
0
0
0
0
0
0
89
0
0
0
0
0
0
0
0
0
0
0
0
0
0
0
0
0
0
0
0
0
0
0
195
2
0
0
0
0
0
0
0
0
0
0
0
0
0
0
0
0
0
0
0
0
0
0
0
0
0
0
0
0
0
0
0
0
0
0
0
0
0
0
0
0
0
0
0
0
0
0
0
0
0
0
0
0
0
0
0
0
0
0
0
0
0
0
0
0
0
0
0
0
0
0
0
0
0
0
0
0
0
0
0
0
0
0
0
0
0
0
0
0
0
0
0
0
0
0
0
0
0
0
0
0
0
0
0
0
0
0
0
0
0
0
0
0
0
0
0
0
0
0
0
0
0
0
0
0
0
0
[/PID 10 VPN 0]
[PID 0 VPN 1]
0
0
0
0
0
0
0
0
0
0
0
0
0
0
0
0
0
0
0
0
0
0
0
0
0
0
0
0
0
0
0
0
0
0
0
0
0
0
0
0
0
0
0
0
0
0
0
0
0
0
0
0
0
0
0
0
0
0
0
0
0
0
0
0
0
0
0
0
0
0
0
0
0
0
0
0
0
0
0
0
0
0
0
0
0
0
0
0
0
0
0
0
0
0
0
113
0
0
0
0
0
0
0
0
0
0
0
0
0
0
0
0
0
0
0
0
0
0
0
0
0
0
0
0
[PID 9 VPN 0]
0
0
0
0
0
0
0
0
0
0
0
0
0
0
0
0
0
0
0
0
0
0
0
0
0
0
0
0
0
0
0
0
0
0
0
0
0
0
0
0
0
0
0
0
0
0
0
0
0
0
0
0
0
0
0
0
0
0
0
0
0
0
0
0
0
0
0
0
0
0
0
0
0
0
0
0
0
0
0
0
0
0
0
0
0
0
0
0
0
0
0
0
0
0
0
0
0
0
0
0
0
0
0
0
0
0
0
0
0
0
0
0
0
0
0
0
0
0
0
0
0
0
0
0
0
0
0
236
1
0
0
0
0
0
0
0
0
0
0
0
0
0
0
0
0
0
0
0
0
0
0
0
0
0
0
0
0
0
0
0
0
0
0
0
0
0
0
0
0
0
0
0
0
0
0
0
0
0
0
0
0
0
0
0
0
0
0
0
0
0
0
0
0
0
0
0
0
0
0
0
0
0
0
0
0
0
0
0
0
0
0
0
0
0
0
0
0
0
0
0
0
0
0
0
0
0
0
0
0
0
0
0
0
0
0
0
0
0
0
0
0
0
0
0
0
106
1
0
0
0
0
0
0
0
0
0
[/PID 9 VPN 0]
[PID 6 VPN 3]
0
0
0
0
0
0
0
0
0
0
0
0
0
0
0
0
0
0
0
0
0
0
0
0
0
0
0
0
0
0
0
0
0
0
0
0
0
0
0
0
0
0
0
0
0
0
0
0
0
0
0
0
0
0
0
0
0
0
0
0
0
0
0
0
0
0
0
0
0
0
0
0
0
0
0
0
0
0
0
0
0
0
0
0
0
0
0
0
0
0
0
0
0
0
0
0
0
0
0
0
0
0
0
0
0
0
0
0
0
0
0
0
234
0
0
0
0
0
0
0
0
0
0
0
0
0
0
0
0
0
0
0
0
0
0
0
0
0
0
0
0
0
0
0
0
0
0
0
0
0
0
0
0
0
0
0
0
0
0
0
0
0
0
0
0
0
0
0
0
0
0
0
0
0
0
0
0
0
0
0
0
0
0
0
0
0
0
0
0
0
0
0
0
0
0
0
0
0
0
0
0
0
0
0
0
0
0
0
0
0
0
0
0
0
0
0
0
0
0
0
0
0
0
0
0
0
0
0
0
0
0
0
0
0
0
0
0
0
0
0
0
0
0
0
0
0
0
0
0
0
0
0
0
0
0
0
[/PID 6 VPN 3]
[PID 2 VPN 1]
0
0
0
0
0
0
0
0
0
0
0
0
0
0
0
0
0
0
0
0
0
0
0
0
0
0
0
0
0
0
0
0
0
0
0
0
0
0
0
0
0
0
0
0
0
0
0
0
0
0
0
0
0
0
0
0
0
0
0
0
0
0
0
0
0
0
0
0
0
0
0
0
0
0
0
0
0
0
0
0
0
0
0
0
0
0
0
0
0
0
0
0
0
0
0
0
159
0
0
0
0
0
0
0
37
0
0
0
0
0
0
0
0
0
0
0
0
0
0
0
0
0
0
0
0
0
0
0
0
0
0
0
0
0
0
0
0
0
0
0
0
0
0
0
0
0
0
0
0
0
0
0
0
0
0
0
0
0
0
0
0
0
0
0
0
0
0
0
0
0
0
0
0
0
0
0
0
0
0
0
0
0
0
0
0
0
0
0
0
0
0
0
0
0
0
0
0
0
0
0
0
0
0
0
0
0
0
0
0
0
0
0
0
0
0
0
0
0
0
0
0
0
0
0
0
0
0
0
0
0
0
0
0
0
0
0
0
0
0
0
0
0
0
0
0
0
0
0
0
0
0
0
0
0
0
0
[/PID 2 VPN 1]
[PID 5 VPN 2]
0
0
0
0
0
0
0
0
0
0
0
0
0
0
0
0
0
0
0
0
0
0
0
0
0
0
0
0
0
0
0
0
0
0
0
0
0
0
0
0
0
0
0
0
0
0
0
0
0
0
0
0
0
0
0
0
0
0
0
0
0
0
0
0
0
0
0
0
0
0
0
0
0
0
0
0
0
0
0
0
0
0
0
0
0
0
0
0
0
0
0
0
0
0
0
0
0
0
0
0
0
0
0
0
0
0
0
0
0
0
0
0
0
0
0
0
0
0
0
0
0
0
0
0
0
0
0
0
0
0
0
0
0
0
0
0
0
0
0
0
0
0
0
0
0
0
0
0
0
0
0
0
0
0
0
0
0
0
0
0
0
0
0
0
0
0
0
0
0
0
0
0
0
0
0
0
0
0
0
0
0
0
0
0
0
0
0
0
0
0
0
0
0
0
0
0
0
0
0
0
0
0
0
0
0
0
0
0
0
0
0
0
0
0
0
0
0
0
0
0
0
0
0
0
0
0
0
0
0
0
0
0
0
0
0
0
0
0
0
0
0
0
0
0
0
0
0
0
0
0
0
0
0
0
0
0
[/PID 5 VPN 2]
[PID 9 VPN 2]
0
0
0
0
0
0
0
0
0
0
0
0
0
0
0
0
0
0
0
0
0
0
0
0
0
0
0
0
0
0
0
0
0
0
0
0
0
0
0
0
0
0
0
0
0
0
0
0
0
0
0
0
0
0
0
0
0
0
0
0
0
0
0
0
0
0
0
0
0
0
0
0
0
0
0
0
0
0
0
0
0
0
0
0
0
0
0
0
0
0
0
0
0
0
0
0
0
0
0
0
0
0
0
0
89
0
0
0
0
0
0
0
0
0
0
0
0
0
0
0
0
0
0
0
0
0
0
0
195
2
0
0
0
0
0
0
0
0
0
0
0
0
0
0
0
0
0
0
0
0
0
0
0
0
0
0
0
0
0
0
0
0
0
0
0
0
0
0
0
0
0
0
0
0
0
0
0
0
0
0
0
0
0
0
0
0
0
0
0
0
0
0
0
0
0
0
0
0
0
0
0
0
0
0
0
0
0
0
0
0
0
0
0
0
0
0
0
0
0
0
0
0
0
0
0
0
0
0
0
0
0
0
0
0
0
0
0
0
0
0
0
0
0
0
0
0
0
0
0
0
0
0
0
0
0
0
[/PID 9 VPN 2]
[PID 7 VPN 3]
0
0
0
0
0
0
0
0
0
0
0
0
0
0
0
0
0
0
0
0
0
0
0
0
0
0
0
0
0
0
0
0
0
0
0
0
0
0
0
0
0
0
0
0
0
0
0
0
0
0
0
0
0
0
0
0
0
0
0
0
0
0
0
0
0
0
0
0
0
0
0
0
0
0
0
0
0
0
0
0
0
0
0
0
0
0
0
0
0
0
0
0
0
0
0
0
0
0
0
0
0
0
0
0
0
0
0
0
0
0
0
0
0
0
0
0
0
0
0
0
0
0
0
0
0
0
0
0
0
0
0
0
0
0
0
0
0
0
0
0
0
0
0
0
0
0
0
0
0
0
0
0
0
0
0
0
0
0
0
0
0
0
0
0
0
0
0
0
0
0
0
0
0
0
0
0
0
0
0
0
0
0
0
0
0
0
0
0
0
0
0
0
0
0
0
0
0
0
0
0
0
0
0
0
0
0
0
0
0
0
0
0
0
0
0
0
0
0
0
0
0
0
0
0
0
0
0
0
0
0
0
0
0
0
0
0
0
0
0
0
0
0
0
0
0
0
0
0
0
0
0
0
0
0
0
0
[/PID 7 VPN 3]
[PID 7 VPN 1]
0
0
0
41
1
0
0
0
0
0
0
0
0
0
0
0
0
0
0
0
0
0
0
0
0
0
0
0
0
0
0
0
0
0
0
0
0
0
0
0
0
172
1
0
0
0
0
0
0
0
0
0
0
0
0
0
0
182
0
0
0
0
0
0
0
0
0
0
0
0
0
0
0
0
0
0
0
0
0
0
0
0
0
0
0
0
0
0
0
0
0
0
0
0
0
0
0
0
0
0
0
0
0
0
0
0
0
0
0
0
0
0
0
0
0
0
0
0
0
0
0
0
0
0
0
0
0
0
0
0
0
0
0
0
0
0
0
0
0
0
0
0
0
0
0
0
0
0
0
0
0
0
0
0
0
0
0
0
0
0
0
0
0
0
0
0
0
0
0
0
0
0
0
0
0
0
0
0
0
0
0
0
0
0
0
0
0
0
0
0
0
101
4
0
0
0
0
0
0
0
0
0
0
0
0
0
0
0
0
0
0
0
0
0
0
0
0
0
0
0
0
0
0
0
0
0
0
0
0
0
0
0
0
0
0
0
0
0
0
0
0
0
0
0
0
0
0
0
0
0
0
0
0
0
0
0
[/PID 7 VPN 1]
[PID 0 VPN 2]
0
0
0
0
0
0
0
0
0
0
0
0
0
0
0
0
0
0
0
0
0
0
0
0
0
0
0
0
0
0
0
0
0
0
0
0
0
0
0
0
0
0
0
0
0
0
0
0
0
0
0
0
0
0
0
0
0
0
0
0
0
0
0
0
0
0
0
0
0
0
0
0
0
0
0
0
0
0
0
0
0
0
0
0
0
0
0
0
0
0
0
0
0
0
0
0
0
0
0
0
0
0
0
0
0
0
0
0
0
0
0
0
0
0
0
0
0
0
0
0
0
0
0
0
0
0
0
0
0
0
0
0
0
0
0
0
0
0
0
0
0
0
0
0
0
0
0
0
0
0
0
0
0
0
0
0
0
0
0
0
0
0
0
0
0
0
0
0
0
0
0
0
0
0
0
0
0
0
0
0
0
0
0
0
0
0
0
0
0
0
0
101
4
0
0
0
0
0
0
0
0
0
0
0
0
0
0
0
0
0
0
0
0
0
0
0
0
0
0
0
0
0
0
0
0
0
0
0
0
0
0
0
0
0
0
0
0
0
0
0
0
0
0
0
0
0
0
0
0
0
0
0
0
0
0
0
[/PID 0 VPN 2]
[PID 10 VPN 2]
0
0
0
0
0
0
0
0
0
0
0
0
0
0
0
0
0
0
0
0
0
0
0
0
0
0
0
0
0
0
0
0
0
0
0
0
0
0
0
0
0
0
0
0
0
0
0
0
0
0
0
0
0
0
0
0
0
0
0
0
0
0
0
0
0
0
0
0
0
0
0
0
0
0
0
0
0
0
0
0
0
0
0
0
0
0
0
0
0
0
0
0
0
0
0
0
0
0
0
0
0
0
0
0
0
0
0
0
0
0
0
0
234
0
0
0
0
0
0
0
0
0
0
0
0
0
0
0
0
0
0
0
0
0
0
0
0
0
0
0
0
0
0
0
0
0
0
0
0
0
0
0
0
0
0
0
0
0
0
0
0
0
0
0
0
0
0
0
0
0
0
0
0
0
0
0
0
0
0
0
0
0
0
0
0
0
0
0
0
0
0
0
0
0
0
0
0
0
0
0
0
0
0
0
0
0
0
0
0
0
0
0
0
0
0
0
0
0
0
0
0
0
0
0
0
0
0
0
0
0
0
0
0
0
0
0
0
0
0
0
0
0
0
0
0
0
0
0
0
0
0
0
0
0
0
0
[/PID 10 VPN 2]
[PID 2 VPN 2]
0
0
0
0
0
0
0
0
0
0
0
0
0
0
0
0
0
0
0
0
0
0
0
0
0
0
0
0
0
0
0
0
0
0
0
0
0
0
0
0
0
0
0
0
0
0
0
0
0
0
0
0
0
0
0
0
0
0
0
0
0
0
0
0
0
0
0
0
0
0
0
0
0
0
0
0
0
0
0
0
0
0
0
0
0
0
0
0
0
0
0
0
0
0
0
0
0
0
0
0
0
0
0
0
0
0
0
0
0
0
0
0
0
0
0
0
0
0
0
0
0
0
0
0
0
0
0
0
0
0
0
0
0
0
0
0
0
0
0
0
0
0
0
0
0
0
0
0
0
0
0
0
0
0
0
0
0
0
0
0
0
0
0
0
0
0
0
0
0
0
0
0
0
0
0
0
0
0
0
0
0
0
0
0
0
0
0
0
0
0
0
0
0
0
0
0
0
0
0
0
0
0
0
0
0
0
0
0
0
0
0
0
0
0
0
0
0
0
0
0
0
0
0
0
0
0
0
0
0
0
0
0
0
0
0
0
0
0
0
0
0
0
0
0
0
0
0
0
0
0
0
0
0
0
0
0
[/PID 2 VPN 2]
[PID 6 VPN 0]
0
0
0
0
0
0
0
0
0
0
0
0
0
0
0
0
0
0
0
0
0
0
0
0
0
0
0
0
0
0
0
0
0
0
0
0
0
0
0
0
0
0
0
0
0
0
0
0
0
0
0
0
0
0
0
0
0
0
0
0
0
0
0
0
0
0
0
0
0
0
0
0
0
0
0
0
0
0
0
0
0
0
0
0
0
0
0
0
0
0
0
0
0
0
0
0
0
0
0
0
0
0
0
0
0
0
0
0
0
0
0
0
0
0
0
0
0
0
0
0
0
0
0
0
0
0
0
0
0
0
0
0
0
0
0
0
0
0
0
0
0
0
0
0
0
0
0
0
0
0
0
0
0
0
0
0
0
0
0
0
0
0
0
0
0
0
0
0
0
0
0
0
0
0
0
0
0
0
0
0
0
0
0
0
0
0
0
0
0
0
0
0
0
0
0
0
0
0
0
0
0
0
0
0
0
0
0
0
0
0
0
0
0
0
0
0
0
0
0
0
0
0
0
0
0
0
0
0
0
0
0
0
0
0
0
0
0
0
0
0
0
0
0
0
0
0
0
0
0
0
0
0
0
0
0
0
[/PID 6 VPN 0]
[PID 4 VPN 1]
0
0
0
0
0
0
0
0
0
0
0
0
0
0
0
0
0
0
0
0
0
201
0
0
0
0
0
0
0
0
0
0
0
0
0
0
0
0
0
0
0
0
0
0
0
0
0
0
0
0
0
0
0
0
0
0
0
0
0
0
0
0
0
0
0
0
0
0
0
0
0
0
0
0
0
0
0
0
0
0
0
0
0
0
0
0
0
0
0
0
0
0
0
0
0
0
0
0
0
0
0
0
0
0
0
0
0
0
0
0
0
0
0
0
0
0
0
0
0
0
0
0
0
0
0
0
0
0
0
0
0
0
0
0
0
0
0
0
0
0
0
0
0
0
0
0
0
0
0
0
0
0
0
0
0
0
0
0
0
0
0
0
0
0
0
0
0
0
0
0
0
0
0
0
0
0
0
0
0
0
0
0
0
0
0
0
0
0
0
0
0
0
0
0
0
0
0
0
0
0
0
0
0
0
0
0
0
0
0
0
0
0
0
0
0
0
0
0
0
0
0
0
0
0
0
0
0
0
0
0
0
0
0
0
0
0
0
0
0
0
0
0
0
0
0
0
0
0
0
0
0
0
0
0
0
0
[/PID 4 VPN 1]
[PID 8 VPN 1]
0
0
0
0
0
0
0
0
0
0
0
0
0
0
0
0
0
0
0
0
0
0
0
0
0
0
0
0
0
0
0
0
0
0
0
0
0
0
0
0
0
0
0
0
0
0
0
0
0
0
0
0
0
0
0
0
0
0
0
0
0
0
0
0
0
0
0
0
0
0
0
0
0
0
0
0
0
0
0
0
0
0
0
0
0
0
0
0
0
0
0
0
0
0
0
0
0
0
0
0
0
0
0
0
0
0
0
0
0
0
0
0
0
0
0
0
0
0
0
0
0
0
0
0
0
0
0
0
0
0
215
0
0
0
0
0
0
0
0
0
0
0
0
0
0
0
0
0
0
0
0
0
0
0
0
0
0
0
0
0
0
0
0
0
0
0
0
0
0
0
0
0
0
0
0
0
0
0
0
0
0
0
0
0
0
0
0
0
0
0
0
0
0
0
0
0
0
0
0
0
0
0
0
0
0
0
0
0
0
0
0
0
0
0
0
0
0
0
0
0
0
0
0
0
0
0
0
0
0
0
0
0
0
0
0
0
0
0
0
0
0
0
0
0
0
0
0
0
0
0
0
0
0
0
0
0
[/PID 8 VPN 1]
[PID 4 VPN 5]
0
0
0
0
0
0
0
0
0
0
0
0
0
0
0
0
0
0
0
0
0
0
0
0
0
0
0
0
0
0
0
0
0
0
0
0
0
0
0
0
0
0
0
0
0
0
0
0
0
0
0
0
0
0
0
0
0
0
0
0
0
0
0
0
[/PID 4 VPN 5]
[PID 0 VPN 7]
0
0
0
0
0
0
0
0
0
0
0
0
0
0
0
0
0
0
0
0
0
0
0
0
0
0
0
0
0
0
0
0
0
0
0
0
0
0
0
0
0
0
0
0
0
0
0
0
0
0
0
0
0
0
0
0
0
0
0
0
0
0
0
0
[/PID 0 VPN 7]
[PID 1 VPN 5]
0
0
0
0
0
0
0
0
0
0
0
0
0
0
0
0
0
0
0
0
0
0
0
0
0
0
0
0
0
0
0
0
0
0
0
0
0
0
0
0
0
0
0
0
0
0
0
0
0
0
0
0
0
0
0
0
0
0
0
0
0
0
0
0
[/PID 1 VPN 5]
[PID 2 VPN 6]
0
0
0
0
0
0
0
0
0
0
0
0
0
0
0
0
0
0
0
0
0
0
0
0
0
0
0
0
0
0
0
0
0
0
0
0
0
0
0
0
0
0
0
0
0
0
0
0
0
0
0
0
0
0
0
0
0
0
0
0
0
0
0
0
[/PID 2 VPN 6]
[PID 3 VPN 7]
0
0
0
0
0
0
0
0
0
0
0
0
0
0
0
0
0
0
0
0
0
0
0
0
0
0
0
0
0
0
0
0
0
0
0
0
0
0
0
0
0
0
0
0
0
0
0
0
0
0
0
0
0
0
0
0
0
0
0
0
0
0
0
0
[/PID 3 VPN 7]
[PID 5 VPN 4]
0
0
0
0
0
0
0
0
0
0
0
0
0
0
0
0
0
0
0
0
0
0
0
0
0
0
0
0
0
0
0
0
0
0
0
0
0
0
0
0
0
0
0
0
0
0
0
0
0
0
0
0
0
0
0
0
0
0
0
0
0
0
0
0
[/PID 5 VPN 4]
[PID 6 VPN 5]
0
0
0
0
0
0
0
0
0
0
0
0
0
0
0
0
0
0
0
0
0
0
0
0
0
0
0
0
0
0
0
0
0
0
0
0
0
0
0
0
0
0
0
0
0
0
0
0
0
0
0
0
0
0
0
0
0
0
0
0
0
0
0
0
[/PID 6 VPN 5]
[PID 7 VPN 2]
0
0
0
0
0
0
0
0
0
0
0
0
0
0
0
0
0
0
0
0
0
0
0
0
0
0
0
0
0
0
0
0
0
0
0
0
0
0
0
0
0
0
0
0
0
0
0
0
0
0
0
0
0
0
0
0
0
0
0
0
0
0
0
0
[/PID 7 VPN 2]
